  RMSE: 0.5784537578752514
  MAE: 0.41497500000000004
  R2: 0.5258988346144311
